1673807618
-33 150
-22 201 145 80 169
1 147 83 33 116 159 22 121 159 182 16 16
-21 190 150 76
-14 171 111
0 215 91 79 143 181 18 67 144 168 58 3 60 84 -20 60 64 217 67 152 166 -43 24 139 87 62 194 30 152 184 -9 -60 21 154 138 127 79 108 46 42 -2 30 86 148 157 17 184 -9 -4 161 67 113 158 66 38 101 155 37 122 89 90 14 116 101
-21 190 150 76
-8 203 141 85
19 207 141 71 154 158 90 108 198 174 84 39 100 134 4 112 75 203 66 155 181 22 40
-10 190 145 77
0 173
-53 190 152 59 108 104 22 82 172 161 93 -39
-10 190 145 77
-21 198 150 72
-14 194 131 46 174 132 13 123 116 105 18 42 85
-4 194 137 83 154 159
-16 204 151 72 163 156
4 213 166 48 136 127 32 119 156 114 39 8 30 66 -11 51 30 148 75 92 137 -7 -12 151 160 104 127 54 141 142 -12 -17
-4 194 137 83 154 159
-9 194 156 71 163 160 94
10 162 141 59 105 117 49 121 123 110
-4 209 154 70 152 164
